
*BEGIN Sol_Con

SC00    Exercise #2: over-pressurizing and release
SC00    Code Version: Rev01/Mod03
/
!       init_time   run_time    deltime0    dt_scale
!       too small time step and mesh size should be stabilized
SC10    0        1000.000   0.00613     1.00
!       gen_inp     rst_id      rst file
SC11    y           0           2_wm3.rst
SC12    none        0.1      1     1
!       Pres_eps    Vel_eps     max_oiter
SC15    1.00e-03    1.00e+04    4
!       user_time   max_dt       plot      output     restart
SC30      100000.0  0.5000      1.000     1      30.000
/
!       SysID     Ngas  1st   2nd   3rd   4th   5th   6th
SC50    Sodium_pool 1  Na
SC50    Air_Loop    1  air
!       SysNo mod_eos mode_tp mode_md
!SC53   1       c       t       f

*END Sol_Con


*BEGIN Fluid_1D

FB10    Flow_upward         1-D     Na      1
FB20    1    12
FB21    2.40000       3.60000
FB25    0.00000e+00   12
FB30    9.43900e-04   12
FB35     0.10000      12
FB40     0.10000      12
FB45    0.05463       12
FB50    1.000e-05    circ    0.00000     0.0000
FB60    0.10471766     1  0.10392160     2  0.10312951     3  0.10234021     4  0.10155292     5
        0.10076707     6  0.09998229     7  0.09919832     8  0.09841496     9  0.09763205    10
        0.09684949    11  0.09606719    12
FB70    581.04147      1  600.49043      2  614.11994      3  623.78409      4  630.71552      5
        635.83567      6  639.68581      7  642.58100      8  644.75816      9  646.39545     10
        647.62678     11  648.53621     12
FB90    s   0.0000     11
FB91         f                        0.17               11


FB10    Flow_upward_h       1-D     Na      1
FB20    1    12
FB21    2.40000       3.60000
FB25    0.00000e+00   12
FB30    9.43900e-04   12
FB35     0.10000      12
FB40     0.10000      12
FB45    0.05463       12
FB50    1.000e-05    circ    0.00000     0.0000
FB60    0.10898263     1  0.10818910     2  0.10740068     3  0.10661581     4  0.10583346     5
        0.10505289     6  0.10427364     7  0.10349538     8  0.10271785     9  0.10194087    10
        0.10116431    11  0.10038806    12
FB70    589.48610      1  614.53097      2  631.90406      3  644.10491      4  652.77712      5
        659.01638      6  663.70045      7  667.21719      8  669.85769      9  671.84042     10
        673.32933     11  674.44594     12
FB90    s   0.0000     11
FB91    v   2.2209e-01    1 2.2375e-01    2 2.2491e-01    3 2.2573e-01    4 2.2632e-01    5
            2.2675e-01    6 2.2707e-01    7 2.2731e-01    8 2.2749e-01    9 2.2763e-01   10
            2.2773e-01   11

FB10    Flow_upper          1-D     Na      1
FB20    1    12
FB21    3.60000       3.60000
FB25    0.00000e+00   12
FB30    9.43900e-04   12
FB35     0.10000      12
FB40     0.00000      12
FB45    0.05463       12
FB50    1.000e-05    circ    0.00000     0.0000
FB60    0.09567569     1  0.09567499     2  0.09567430     3  0.09567361     4  0.09567291     5
        0.09567222     6  0.09567152     7  0.09567083     8  0.09567013     9  0.09566944    10
        0.09566874    11  0.09566805    12
FB70    640.52276      1  632.51065      2  624.50023      3  616.49186      4  608.48589      5
        600.48266      6  592.48254      7  584.48585      8  576.49296      9  568.50420     10
        560.51997     11  552.56226     12
FB90    s   0.0000     11
FB91    v   2.2549e-01    1 2.2495e-01    2 2.2441e-01    3 2.2388e-01    4 2.2335e-01    5
            2.2282e-01    6 2.2229e-01    7 2.2177e-01    8 2.2125e-01    9 2.2073e-01   10
            2.2021e-01   11

FB10    Flow_hx             1-D     Na      1
FB20    1    4
FB21    3.60000       3.60000
FB25    0.00000e+00    4
FB30    4.00000e-04    2 1.85000e-04    4
FB35     0.10000       4
FB40     0.00000       4
FB45    0.00122        4
FB50    1.000e-05    circ    0.00000     0.0000
FB60    0.09541496     1  0.09509602     2  0.09277350     3  0.09085585     4
FB70    552.56226      1  552.56226      2  552.56226      3  552.56226      4
FB90    s   0.0000     3
FB91    v   5.1844e-01    1 1.1210e+00    2 1.1210e+00    3

FB10    Flow_downward       1-D     Na      1
FB20    1    12
FB21    2.40000       3.60000
FB25    0.00000e+00   12
FB30    9.43900e-04   12
FB35     0.10000      12
FB40    -0.10000      12
FB45    0.05463       12
FB50    1.000e-05    circ    0.00000     0.0000
FB60    0.09076409     1  0.09156721     2  0.09237033     3  0.09317345     4  0.09397657     5
        0.09477970     6  0.09558282     7  0.09638594     8  0.09718907     9  0.09799219    10
        0.09879531    11  0.09959844    12
FB70    552.56226      1  552.56226      2  552.56226      3  552.56226      4  552.56226      5
        552.56226      6  552.56226      7  552.56226      8  552.56226      9  552.56226     10
        552.56227     11  552.56482     12
FB90    s   0.0000     11
FB91    v   2.1970e-01    1 2.1970e-01    2 2.1970e-01    3 2.1970e-01    4 2.1970e-01    5
            2.1970e-01    6 2.1970e-01    7 2.1970e-01    8 2.1970e-01    9 2.1970e-01   10
            2.1970e-01   11

!       RVACS
FB10    Ar_up1              1-D     air     2
FB20    1    40
FB21    0.00000       5.00000
FB25    0.00000e+00   40
FB30    4.18500e-01   40
FB35     0.12500      40
FB40     0.12500      40
FB45    0.12000       40
FB50    1.000e-05    ccen    0.94737     0.0000
FB60    0.10137227     1  0.10137074     2  0.10136925     3  0.10136780     4  0.10136638     5
        0.10136500     6  0.10136364     7  0.10136231     8  0.10136100     9  0.10135972    10
        0.10135845    11  0.10135721    12  0.10135599    13  0.10135479    14  0.10135360    15
        0.10135243    16  0.10135128    17  0.10135014    18  0.10134901    19  0.10134790    20
        0.10134680    21  0.10134571    22  0.10134463    23  0.10134357    24  0.10134251    25
        0.10134147    26  0.10134043    27  0.10133941    28  0.10133839    29  0.10133738    30
        0.10133638    31  0.10133539    32  0.10133441    33  0.10133343    34  0.10133246    35
        0.10133150    36  0.10133054    37  0.10132959    38  0.10132865    39  0.10132771    40
FB70    29.08704       1  37.86039       2  46.35409       3  54.58926       4  62.58239       5
        70.34758       6  77.89730       7  85.24285       8  92.39450       9  99.36168      10
        106.15307     11  112.77670     12  119.24002     13  125.54994     14  131.71290     15
        137.73492     16  143.62163     17  149.37830     18  155.00986     19  160.52099     20
        165.91605     21  171.19917     22  176.37425     23  181.44499     24  186.41488     25
        191.28724     26  196.06520     27  200.75175     28  205.34975     29  209.86189     30
        214.29076     31  218.63882     32  222.90840     33  227.10175     34  231.22096     35
        235.26800     36  239.24463     37  243.15223     38  246.99145     39  250.75047     40
FB90    s   0.0000     39
FB91    v   1.4808e+00    1 1.5240e+00    2 1.5657e+00    3 1.6062e+00    4 1.6454e+00    5
            1.6836e+00    6 1.7207e+00    7 1.7567e+00    8 1.7919e+00    9 1.8261e+00   10
            1.8594e+00   11 1.8920e+00   12 1.9237e+00   13 1.9547e+00   14 1.9850e+00   15
            2.0146e+00   16 2.0435e+00   17 2.0717e+00   18 2.0994e+00   19 2.1265e+00   20
            2.1530e+00   21 2.1789e+00   22 2.2043e+00   23 2.2292e+00   24 2.2536e+00   25
            2.2776e+00   26 2.3010e+00   27 2.3240e+00   28 2.3466e+00   29 2.3688e+00   30
            2.3905e+00   31 2.4119e+00   32 2.4329e+00   33 2.4535e+00   34 2.4737e+00   35
            2.4936e+00   36 2.5131e+00   37 2.5323e+00   38 2.5512e+00   39

FB10    Ar_up2              1-D     air     2
FB20    1    40
FB21    0.00000       5.00000
FB25    0.00000e+00   40
FB30    4.48600e-01   40
FB35     0.12500      40
FB40     0.12500      40
FB45    0.12000       40
FB50    1.000e-05    ccen    0.95082     0.0000
FB60    0.10137187     1  0.10137038     2  0.10136891     3  0.10136748     4  0.10136607     5
        0.10136468     6  0.10136332     7  0.10136198     8  0.10136066     9  0.10135936    10
        0.10135809    11  0.10135683    12  0.10135558    13  0.10135436    14  0.10135315    15
        0.10135196    16  0.10135078    17  0.10134962    18  0.10134847    19  0.10134733    20
        0.10134621    21  0.10134510    22  0.10134400    23  0.10134291    24  0.10134184    25
        0.10134077    26  0.10133972    27  0.10133867    28  0.10133764    29  0.10133661    30
        0.10133560    31  0.10133459    32  0.10133359    33  0.10133260    34  0.10133162    35
        0.10133064    36  0.10132968    37  0.10132872    38  0.10132776    39  0.10132682    40
FB70    26.38769       1  32.63536       2  38.79446       3  44.88472       4  50.91337       5
        56.88239       6  62.79163       7  68.64013       8  74.42677       9  80.15051      10
        85.81042      11  91.40576      12  96.93595      13  102.40059     14  107.79942     15
        113.13232     16  118.39929     17  123.60044     18  128.73595     19  133.80611     20
        138.81127     21  143.75184     22  148.62831     23  153.44119     24  158.19106     25
        162.87850     26  167.50417     27  172.06870     28  176.57278     29  181.01712     30
        185.40243     31  189.72944     32  193.99884     33  198.21131     34  202.36740     35
        206.46744     36  210.51125     37  214.49752     38  218.42237     39  222.27528     40
FB90    s   0.0000     39
FB91    v   1.1687e+00    1 1.1931e+00    2 1.2173e+00    3 1.2411e+00    4 1.2647e+00    5
            1.2880e+00    6 1.3112e+00    7 1.3340e+00    8 1.3567e+00    9 1.3791e+00   10
            1.4012e+00   11 1.4231e+00   12 1.4447e+00   13 1.4661e+00   14 1.4872e+00   15
            1.5081e+00   16 1.5287e+00   17 1.5491e+00   18 1.5691e+00   19 1.5890e+00   20
            1.6086e+00   21 1.6279e+00   22 1.6470e+00   23 1.6658e+00   24 1.6844e+00   25
            1.7027e+00   26 1.7208e+00   27 1.7386e+00   28 1.7563e+00   29 1.7736e+00   30
            1.7908e+00   31 1.8077e+00   32 1.8244e+00   33 1.8409e+00   34 1.8572e+00   35
            1.8732e+00   36 1.8890e+00   37 1.9046e+00   38 1.9200e+00   39

FB10    Ar_in               1-D     air     2
FB20    1    47
FB21    -0.14000      5.00000
FB25    0.00000e+00   47
FB30    1.96300e-01   47
FB35     0.12500      40  0.14000      41  0.50000      47
FB40    -0.12500      40 -0.14000      41  0.00000      47
FB45    0.50000       47
FB50    1.000e-05    circ    0.00000     0.0000
FB60    0.10131754     1  0.10131894     2  0.10132034     3  0.10132174     4  0.10132314     5
        0.10132454     6  0.10132594     7  0.10132734     8  0.10132875     9  0.10133015    10
        0.10133155    11  0.10133295    12  0.10133435    13  0.10133575    14  0.10133715    15
        0.10133855    16  0.10133995    17  0.10134135    18  0.10134275    19  0.10134415    20
        0.10134556    21  0.10134696    22  0.10134836    23  0.10134976    24  0.10135116    25
        0.10135256    26  0.10135396    27  0.10135536    28  0.10135676    29  0.10135817    30
        0.10135957    31  0.10136097    32  0.10136237    33  0.10136377    34  0.10136517    35
        0.10136657    36  0.10136797    37  0.10136938    38  0.10137078    39  0.10137218    40
        0.10137366    41  0.10137430    42  0.10137399    43  0.10137368    44  0.10137338    45
        0.10137307    46  0.10137276    47
FB70    19.99998       1  19.99999       2  19.99999       3  19.99999       4  20.00000       5
        20.00000       6  20.00000       7  20.00001       8  20.00001       9  20.00001      10
        20.00001      11  20.00002      12  20.00002      13  20.00002      14  20.00003      15
        20.00003      16  20.00003      17  20.00004      18  20.00004      19  20.00004      20
        20.00005      21  20.00005      22  20.00005      23  20.00006      24  20.00006      25
        20.00006      26  20.00007      27  20.00007      28  20.00007      29  20.00008      30
        20.00008      31  20.00008      32  20.00009      33  20.00009      34  20.00009      35
        20.00009      36  20.00010      37  20.00010      38  20.00010      39  20.00011      40
        20.00011      41  20.00011      42  20.00011      43  20.00011      44  20.00011      45
        20.00011      46  20.00011      47
FB90    s   0.0000     46
FB91    v   5.6786e+00    1 5.6786e+00    2 5.6785e+00    3 5.6784e+00    4 5.6783e+00    5
            5.6782e+00    6 5.6782e+00    7 5.6781e+00    8 5.6780e+00    9 5.6779e+00   10
            5.6779e+00   11 5.6778e+00   12 5.6777e+00   13 5.6776e+00   14 5.6775e+00   15
            5.6775e+00   16 5.6774e+00   17 5.6773e+00   18 5.6772e+00   19 5.6771e+00   20
            5.6771e+00   21 5.6770e+00   22 5.6769e+00   23 5.6768e+00   24 5.6768e+00   25
            5.6767e+00   26 5.6766e+00   27 5.6765e+00   28 5.6764e+00   29 5.6764e+00   30
            5.6763e+00   31 5.6762e+00   32 5.6761e+00   33 5.6761e+00   34 5.6760e+00   35
            5.6759e+00   36 5.6758e+00   37 5.6757e+00   38 5.6757e+00   39 5.6756e+00   40
            5.6755e+00   41 5.6755e+00   42 5.6755e+00   43 5.6755e+00   44 5.6755e+00   45
            5.6755e+00   46

FB10    Plenum              1-D     air     2
FB20    1    4
FB21    -0.14000      0.00000
FB25    0.00000e+00    4
FB30    1.96300e-01    4
FB35     0.03500       4
FB40     0.03500       4
FB45    0.50000        4
FB50    1.000e-05    circ    0.00000     0.0000
FB60    0.10136657     1  0.10136613     2  0.10136569     3  0.10136526     4
FB70    20.00009       1  20.00009       2  20.00009       3  20.00084       4
FB90    s   0.0000     3
FB91    v   5.6759e+00    1 5.6759e+00    2 5.6759e+00    3

*END Fluid_1D


*BEGIN Sys_HPipe

HP10    hp_av             c       1
HP15    1     36
HP20    Ka    AG    90.0    1.00
!       cell length   cell number
HP25    0.1000      36
!       height for Eva   Adia     Con
HP30    1.0000      1.4000      1.2000
!       Cross_area_vapor    Dh_v     ke  this value must be larger
HP35    2.717e-04   0.01860     1.50e+05
!       Cross_area_Wick     Diw           Dow         material
HP40    3.000e-05   0.00930     0.00980     ss316
!       Cross_area_liquid   Dh      fraction
HP45    3.377e-05   0.00140     1.2000
!       capillary r       nucleation r
HP50    3.200e-05   3.000e-06
!       Ave T initial        evap m          cond m
HP60    651.710     0.010650    0.010650
HP70    651.36443      1  651.36478      2  651.36560      3  651.36703      4  651.36928      5
        651.37262      6  651.37741      7  651.38413      8  651.39346      9  651.40643     10
        651.42454     11  651.44999     12  651.48605     13  651.52211     14  651.55817     15
        651.59422     16  651.63028     17  651.66634     18  651.70239     19  651.73845     20
        651.77450     21  651.81056     22  651.84661     23  651.88266     24  651.91871     25
        651.95476     26  651.99081     27  652.02429     28  652.05376     29  652.07819     30
        652.09703     31  652.11027     32  652.11846     33  652.12266     34  652.12428     35
        652.12509     36

!       Hottest heat pipe
HP10    hp_h              c       1
HP15    1     36
HP20    Ka    AG    90.0    1.00
!       cell length   cell number
HP25    0.1000      36
!       height for Eva   Adia     Con
HP30    1.0000      1.4000      1.2000
!       Cross_area_vapor    Dh_v     ke  this value must be larger
HP35    2.717e-04   0.01860     1.50e+05
!       Cross_area_Wick     Diw           Dow         material
HP40    3.000e-05   0.00930     0.00980     ss316
!       Cross_area_liquid   Dh      fraction
HP45    3.377e-05   0.00140     1.2000
!       capillary r       nucleation r
HP50    3.200e-05   3.000e-06
!       Ave T initial        evap m          cond m
HP60    678.203     0.013614    0.013614
HP70    677.82191      1  677.82228      2  677.82313      3  677.82464      4  677.82701      5
        677.83054      6  677.83560      7  677.84272      8  677.85268      9  677.86664     10
        677.88631     11  677.91422     12  677.95416     13  677.99411     14  678.03405     15
        678.07399     16  678.11393     17  678.15387     18  678.19381     19  678.23375     20
        678.27369     21  678.31362     22  678.35356     23  678.39349     24  678.43343     25
        678.47336     26  678.51329     27  678.55037     28  678.58302     29  678.61008     30
        678.63094     31  678.64561     32  678.65469     33  678.65934     34  678.66113     35
        678.66203     36

*END Sys_HPipe


*BEGIN Wall_1D

!       evaporation part
WB10    fuel                1-D     c       0.010500
WB30    10          20
WB31    0.011550    4     tbl_id  ODS
        0.020100    18    tbl_id  UN
        0.020600    20    tbl_id  ODS
WB32    1.0000
        0.100000    10
WB40    2.040000e+04    0     1.000000
WB41    a
        1.00000000 0   0.22513000 2   0.71312000 3   1.11072000 4   1.39958000 5   1.55145000 6   1.55145000 7
        1.39958000 8   1.11072000 9   0.71312000 10
!       LEFT Boundary
WB50    t     hp_av                   36    27    10
!       Right Boundary
WB60    q     0.0000e+00                          10
WB80    dd
        652.916   653.786   654.618   655.415   656.178   657.827   659.311   660.643   661.832   662.887
        663.816   664.626   665.322   665.910   666.396   666.782   667.073   667.273   667.384   667.404
        667.411
        652.916   653.786   654.619   655.417   656.181   657.831   659.317   660.650   661.840   662.897
        663.827   664.638   665.336   665.925   666.411   666.799   667.091   667.292   667.403   667.424
        667.431
        654.632   657.383   660.015   662.531   664.937   670.129   674.793   678.968   682.690   685.988
        688.888   691.413   693.583   695.415   696.926   698.128   699.035   699.657   700.005   700.070
        700.091
        656.027   660.306   664.395   668.302   672.033   680.075   687.284   693.729   699.466   704.544
        709.004   712.884   716.215   719.027   721.343   723.186   724.576   725.529   726.062   726.161
        726.194
        657.035   662.422   667.565   672.476   677.163   687.254   696.291   704.360   711.535   717.880
        723.449   728.291   732.446   735.951   738.838   741.134   742.865   744.053   744.716   744.840
        744.881
        657.556   663.524   669.221   674.657   679.845   691.007   700.996   709.911   717.834   724.837
        730.982   736.322   740.904   744.768   747.949   750.480   752.387   753.696   754.426   754.563
        754.608
        657.537   663.505   669.202   674.638   679.826   690.989   700.978   709.892   717.815   724.819
        730.964   736.304   740.886   744.750   747.932   750.462   752.370   753.678   754.408   754.545
        754.590
        656.978   662.365   667.509   672.420   677.107   687.199   696.236   704.305   711.480   717.825
        723.395   728.237   732.392   735.897   738.784   741.080   742.811   743.998   744.662   744.786
        744.827
        655.932   660.212   664.301   668.208   671.940   679.981   687.191   693.637   699.374   704.451
        708.911   712.791   716.123   718.934   721.251   723.094   724.484   725.437   725.969   726.069
        726.102
        654.499   657.250   659.882   662.398   664.804   669.996   674.659   678.834   682.555   685.853
        688.752   691.277   693.446   695.278   696.789   697.991   698.897   699.519   699.866   699.931
        699.952

!       condensation part
WB10    cladding            1-D     c       0.010500
WB30    12          2
WB31    0.011000    2     tbl_id  ODS
WB32    1.0000
        0.100000    12
WB50    t     hp_av                   12    1     12
WB60    c     Flow_upward             1     12    12
WB80    dd
        642.717   631.657   620.770
        645.386   637.762   630.274
        647.178   641.851   636.627
        648.397   644.627   640.933
        649.236   646.535   643.891
        649.791   647.797   645.847
        650.180   648.682   647.216
        650.472   649.346   648.245
        650.693   649.846   649.018
        650.858   650.222   649.600
        650.983   650.505   650.037
        651.076   650.714   650.360

!       HX part
WB10    HX                  1-D     c       0.010500
WB30    12          2
WB31    0.011000    2     tbl_id  ODS
WB32    1.0000
        0.100000    12
WB50    q     -2.5843e+05                         12
WB60    c     Flow_upper              1     12    12
WB80    dd
        619.357   622.535   625.633
        611.343   614.539   617.654
        603.330   606.544   609.676
        595.319   598.550   601.701
        587.309   590.559   593.727
        579.301   582.570   585.756
        571.296   574.584   577.788
        563.294   566.600   569.823
        555.295   558.620   561.862
        547.299   550.644   553.904
        539.307   542.672   545.951
        531.340   534.725   538.024

!       From this line the.. the bottom structures are for hot channel
!       evaporation part
WB10    fuel_h              1-D     c       0.010500
WB30    10          20
WB31    0.011550    4     tbl_id  ODS
        0.020100    18    tbl_id  UN
        0.020600    20    tbl_id  ODS
WB32    1.0000
        0.100000    10
WB40    2.590800e+04    0     1.000000
WB41    a
        1.00000000 0   0.22513000 2   0.71312000 3   1.11072000 4   1.39958000 5   1.55145000 6   1.55145000 7
        1.39958000 8   1.11072000 9   0.71312000 10
!       LEFT Boundary
WB50    t     hp_h                    36    27    10
!       Right Boundary
WB60    q     0.0000e+00                          10
WB80    dd
        679.586   680.672   681.712   682.707   683.660   685.718   687.572   689.234   690.718   692.035
        693.194   694.205   695.075   695.810   696.416   696.899   697.264   697.514   697.655   697.681
        697.690
        679.585   680.671   681.711   682.706   683.659   685.718   687.571   689.233   690.717   692.034
        693.194   694.204   695.074   695.809   696.415   696.898   697.263   697.514   697.654   697.680
        697.689
        681.586   685.018   688.300   691.437   694.435   700.900   706.704   711.897   716.523   720.621
        724.223   727.358   730.052   732.326   734.201   735.693   736.819   737.592   738.025   738.106
        738.133
        683.213   688.550   693.646   698.512   703.157   713.158   722.116   730.116   737.231   743.524
        749.049   753.852   757.975   761.453   764.318   766.598   768.317   769.497   770.156   770.281
        770.322
        684.389   691.106   697.513   703.626   709.458   721.998   733.212   743.214   752.100   759.950
        766.836   772.818   777.949   782.276   785.839   788.672   790.808   792.274   793.094   793.248
        793.299
        684.998   692.438   699.533   706.299   712.751   726.616   739.005   750.048   759.851   768.509
        776.099   782.690   788.343   793.107   797.029   800.148   802.499   804.112   805.013   805.183
        805.240
        684.977   692.417   699.512   706.278   712.730   726.595   738.985   750.028   759.832   768.489
        776.079   782.671   788.323   793.088   797.010   800.129   802.480   804.092   804.994   805.164
        805.220
        684.326   691.043   697.451   703.564   709.396   721.937   733.152   743.154   752.040   759.890
        766.776   772.759   777.890   782.217   785.780   788.614   790.750   792.215   793.035   793.190
        793.241
        683.108   688.446   693.542   698.408   703.054   713.056   722.014   730.015   737.130   743.423
        748.948   753.752   757.875   761.353   764.219   766.499   768.218   769.398   770.058   770.182
        770.223
        681.440   684.872   688.154   691.291   694.290   700.756   706.560   711.754   716.380   720.478
        724.081   727.216   729.910   732.185   734.060   735.552   736.678   737.451   737.884   737.965
        737.992

!       condensation part
WB10    cladding_h          1-D     c       0.010500
WB30    12          2
WB31    0.011000    2     tbl_id  ODS
WB32    1.0000
        0.100000    12
WB50    t     hp_h                    12    1     12
WB60    c     Flow_upward_h           1     12    12
WB80    dd
        666.722   652.551   638.572
        670.232   660.577   651.084
        672.562   665.888   659.338
        674.129   669.452   664.869
        675.197   671.877   668.627
        675.932   673.546   671.212
        676.402   674.611   672.860
        676.754   675.411   674.097
        677.019   676.011   675.025
        677.218   676.461   675.721
        677.368   676.800   676.244
        677.481   677.054   676.636

*END Wall_1D


*BEGIN Wall_3D

!       Side Reflector and shield
WB10    Side_Reflector      2-D     c       0
!       radial segment and axial and y direction
WB60    10          24          1
!       r direction inner  bottom    south
WB61    0.645400    -0.400000   0.000000    0.0011
!       sub region and material property
WB62    kr1    1.000000    1
          jr1    1.600000    16
            ir1    0.930000    5     n     tbl_id  PbO
            ir2    1.030000    10    n     tbl_id  Shield
          jr2    2.400000    24
            ir2    1.030000    10    n     tbl_id  Shield
!       west boundary
WB71    q     0.0000e+00                          24
!       east boundary
WB72    q     0.0000e+00                          24
!       heat transfer correlations
!       bottom boundary
WB73    a                                         10
!       Top boundary
WB74    a                                         10
!       Initial condition
WB80    dd
        601.395   601.347   601.255   601.129   600.979   600.812   600.638   600.460   600.284   600.111
        603.318   603.189   602.952   602.633   602.260   601.859   601.446   601.036   600.636   600.249
        608.817   608.398   607.665   606.728   605.685   604.607   603.540   602.511   601.530   600.596
        622.221   620.569   618.137   615.413   612.663   610.027   607.566   605.296   603.197   601.238
        657.438   646.084   637.063   629.632   623.362   617.985   613.313   609.197   605.508   602.124
        663.197   655.352   647.123   639.098   631.582   624.701   618.473   612.846   607.724   602.984
        689.976   676.084   663.418   651.939   641.614   632.379   624.135   616.748   610.057   603.883
        712.951   694.877   678.596   664.028   651.074   639.600   629.438   620.388   612.226   604.717
        729.521   708.598   689.799   673.029   658.162   645.033   633.438   623.138   613.867   605.348
        738.159   715.766   695.662   677.746   661.880   647.884   635.538   624.580   614.727   605.679
        738.105   715.667   695.531   677.596   661.726   647.740   635.414   624.486   614.666   605.654
        729.295   708.156   689.207   672.360   657.486   644.409   632.910   622.736   613.610   605.246
        712.207   693.387   676.661   661.928   649.029   637.770   627.930   619.265   611.520   604.438
        686.721   670.598   657.186   645.834   636.126   627.764   620.507   614.137   608.453   603.256
        633.861   631.426   627.784   623.658   619.461   615.420   611.640   608.146   604.918   601.904
        613.344   612.720   611.621   610.212   608.637   607.004   605.386   603.822   602.330   600.907
        605.567   605.348   604.946   604.407   603.779   603.104   602.413   601.727   601.059   600.414
        602.317   602.234   602.078   601.866   601.613   601.335   601.045   600.753   600.463   600.182
        600.895   600.864   600.807   600.728   600.632   600.526   600.414   600.299   600.185   600.073
        600.320   600.309   600.289   600.262   600.228   600.191   600.150   600.109   600.068   600.027
        600.106   600.103   600.096   600.087   600.076   600.064   600.050   600.037   600.023   600.009
        600.033   600.032   600.030   600.027   600.024   600.020   600.016   600.011   600.007   600.003
        600.009   600.009   600.009   600.008   600.007   600.006   600.005   600.003   600.002   600.001
        600.003   600.003   600.003   600.003   600.002   600.002   600.001   600.001   600.001   600.000
WB81    dd
        601.392   603.313   608.809   622.211   664.944   666.384   697.589   722.918   741.081   750.539
        750.512   740.985   722.664   696.679   633.847   613.332   605.559   602.313   600.892   600.319
        600.106   600.032   600.009   600.003
WB82    dd
        600.028   600.061   600.147   600.306   600.525   600.738   600.960   601.167   601.323   601.404
        601.398   601.297   601.098   600.805   600.471   600.224   600.102   600.045   600.018   600.007
        600.002   600.001   600.000   600.000
WB83    dd
        601.395   601.347   601.255   601.129   600.979   600.812   600.638   600.460   600.284   600.111
WB84    dd
        600.003   600.003   600.003   600.003   600.002   600.002   600.001   600.001   600.001   600.000

!       Reactor vessel
!       Reactor vessel
WB10    RV                  2-D     c       0
!       radial segment and axial and y direction
WB60    5           40          1
!       r direction inner  bottom    south
WB61    1.030000    0.000000    0.000000
!       sub region and material property
WB62    kr1    1.000000    1
          jr1    5.000000    40
            ir1    1.080000    5     n     tbl_id  sa533
!       west boundary
WB71    f     600.000                             40
!       east boundary
WB72    c     Ar_up1                  1     40    40
!       heat transfer correlations
WB721   vert_p  0.000000    1.000000    5.00000   83.33000  1.05600
!       up and bottom boundary
WB73    a                                         5
WB74    a                                         5
!       Initial condition
WB80    dd
        598.760   596.304   593.871   591.460   589.070
        598.781   596.368   593.977   591.609   589.263
        598.805   596.439   594.096   591.774   589.474
        598.829   596.510   594.214   591.939   589.685
        598.853   596.580   594.329   592.099   589.890
        598.875   596.647   594.440   592.254   590.088
        598.897   596.712   594.548   592.404   590.280
        598.918   596.775   594.652   592.549   590.466
        598.938   596.835   594.752   592.689   590.645
        598.958   596.894   594.850   592.825   590.819
        598.977   596.951   594.945   592.957   590.988
        598.996   597.007   595.036   593.085   591.151
        599.014   597.060   595.125   593.209   591.310
        599.031   597.112   595.212   593.329   591.464
        599.048   597.163   595.296   593.446   591.614
        599.065   597.212   595.377   593.560   591.759
        599.081   597.260   595.457   593.671   591.901
        599.096   597.307   595.534   593.778   592.039
        599.112   597.352   595.610   593.883   592.173
        599.127   597.397   595.683   593.986   592.304
        599.141   597.440   595.755   594.086   592.432
        599.155   597.482   595.825   594.183   592.556
        599.169   597.523   595.893   594.278   592.678
        599.182   597.563   595.959   594.370   592.796
        599.196   597.602   596.024   594.461   592.912
        599.208   597.640   596.087   594.549   593.025
        599.221   597.678   596.149   594.635   593.135
        599.233   597.714   596.210   594.720   593.243
        599.245   597.750   596.269   594.802   593.349
        599.257   597.785   596.327   594.882   593.452
        599.268   597.819   596.383   594.961   593.552
        599.279   597.852   596.438   595.038   593.651
        599.290   597.885   596.493   595.113   593.747
        599.301   597.917   596.545   595.187   593.841
        599.311   597.948   596.597   595.259   593.933
        599.322   597.978   596.647   595.329   594.023
        599.332   598.007   596.696   595.397   594.110
        599.341   598.036   596.743   595.462   594.193
        599.350   598.061   596.785   595.522   594.270
        599.356   598.082   596.819   595.569   594.331
WB81    dd
        600.000   600.000   600.000   600.000   600.000   600.000   600.000   600.000   600.000   600.000
        600.000   600.000   600.000   600.000   600.000   600.000   600.000   600.000   600.000   600.000
        600.000   600.000   600.000   600.000   600.000   600.000   600.000   600.000   600.000   600.000
        600.000   600.000   600.000   600.000   600.000   600.000   600.000   600.000   600.000   600.000
WB82    dd
        587.886   588.101   588.335   588.568   588.795   589.015   589.228   589.434   589.633   589.826
        590.012   590.194   590.369   590.540   590.706   590.867   591.025   591.177   591.326   591.471
        591.613   591.751   591.885   592.017   592.145   592.270   592.392   592.512   592.629   592.743
        592.855   592.964   593.070   593.175   593.277   593.376   593.473   593.565   593.649   593.717
WB83    dd
        598.760   596.304   593.871   591.460   589.070
WB84    dd
        599.356   598.082   596.819   595.569   594.331

!       Air seperator
WB10    SP                  2-D     c       0
!       radial segment and axial and y direction
WB60    5           40          1
!       r direction inner  bottom    south
WB61    1.140000    0.000000    0.000000
!       sub region and material property
WB62    kr1    1.000000    1
          jr1    5.000000    40
            ir1    1.160000    5     n     tbl_id  ss310
!       west boundary
WB71    c     Ar_up1                  1     40    40
WB711   vert_p  0.000000    1.000000    5.00000   83.33000  1.05600
!       east boundary
WB72    c     Ar_up2                  1     40    40
!       heat transfer correlations
WB721   vert_p  0.000000    1.000000    5.00000   83.33000  1.05200
!       up and bottom boundary
WB73    a                                         5
WB74    a                                         5
!       Initial condition
WB80    dd
        374.920   373.994   373.067   372.139   371.209
        378.573   377.647   376.722   375.799   374.878
        383.174   382.255   381.338   380.423   379.510
        387.963   387.053   386.145   385.239   384.336
        392.708   391.807   390.909   390.014   389.121
        397.334   396.444   395.557   394.673   393.791
        401.820   400.941   400.065   399.191   398.320
        406.161   405.293   404.427   403.564   402.703
        410.360   409.502   408.647   407.794   406.944
        414.422   413.574   412.730   411.888   411.048
        418.351   417.514   416.680   415.849   415.020
        422.154   421.328   420.505   419.684   418.866
        425.837   425.022   424.210   423.400   422.592
        429.405   428.601   427.799   427.000   426.203
        432.864   432.070   431.279   430.491   429.704
        436.218   435.435   434.654   433.876   433.101
        439.472   438.699   437.929   437.162   436.396
        442.629   441.868   441.108   440.351   439.596
        445.695   444.944   444.195   443.448   442.703
        448.673   447.931   447.192   446.456   445.722
        451.565   450.834   450.106   449.379   448.655
        454.376   453.656   452.937   452.221   451.507
        457.109   456.398   455.690   454.984   454.280
        459.766   459.066   458.368   457.672   456.978
        462.351   461.661   460.972   460.286   459.602
        464.866   464.186   463.507   462.831   462.156
        467.315   466.644   465.975   465.308   464.643
        469.698   469.036   468.377   467.720   467.064
        472.019   471.367   470.717   470.068   469.422
        474.280   473.637   472.996   472.357   471.720
        476.482   475.849   475.217   474.587   473.959
        478.629   478.004   477.381   476.760   476.141
        480.720   480.104   479.490   478.877   478.267
        482.757   482.149   481.543   480.940   480.338
        484.737   484.138   483.541   482.946   482.352
        486.657   486.066   485.478   484.890   484.305
        488.503   487.920   487.339   486.760   486.182
        490.240   489.665   489.091   488.519   487.950
        491.785   491.215   490.648   490.083   489.520
        492.908   492.342   491.778   491.218   490.660
WB81    dd
        375.382   379.037   383.635   388.420   393.159   397.780   402.261   406.597   410.791   414.847
        418.771   422.569   426.246   429.809   433.262   436.611   439.859   443.012   446.072   449.044
        451.932   454.738   457.465   460.117   462.697   465.208   467.651   470.030   472.346   474.602
        476.800   478.942   481.029   483.061   485.038   486.954   488.795   490.529   492.071   493.192
WB82    dd
        370.744   374.418   379.055   383.886   388.676   393.351   397.886   402.274   406.521   410.630
        414.607   418.459   422.190   425.806   429.312   432.714   436.015   439.220   442.332   445.356
        448.294   451.151   453.929   456.632   459.261   461.820   464.312   466.738   469.100   471.403
        473.646   475.832   477.963   480.038   482.057   484.014   485.895   487.666   489.240   490.383
WB83    dd
        374.920   373.994   373.067   372.139   371.209
WB84    dd
        492.908   492.342   491.778   491.218   490.660

!       Air vessel
WB10    AV                  2-D     c       0
!       radial segment and axial and y direction
WB60    5           40          1
!       r direction inner  bottom    south
WB61    1.220000    0.000000    0.000000
!       sub region and material property
WB62    kr1    1.000000    1
          jr1    5.000000    40
            ir1    1.240000    5     n     tbl_id  ss310
!       west boundary
WB71    c     Ar_up2                  1     40    40
WB711   vert_p  0.000000    1.000000    5.00000   83.33000  1.05200
!       east boundary
WB72    a                                         40
!       heat transfer correlations
WB73    a                                         5
WB74    a                                         5
!       Initial condition
WB80    dd
        237.860   237.879   237.893   237.903   237.908
        242.560   242.569   242.576   242.580   242.583
        249.475   249.479   249.482   249.484   249.485
        257.293   257.294   257.295   257.296   257.296
        265.372   265.372   265.372   265.372   265.372
        273.414   273.413   273.413   273.413   273.412
        281.285   281.284   281.284   281.283   281.283
        288.931   288.930   288.930   288.929   288.929
        296.333   296.333   296.332   296.332   296.331
        303.490   303.489   303.488   303.488   303.487
        310.404   310.403   310.402   310.402   310.402
        317.084   317.083   317.083   317.082   317.082
        323.538   323.538   323.537   323.537   323.536
        329.776   329.776   329.775   329.775   329.774
        335.807   335.806   335.805   335.805   335.805
        341.638   341.637   341.637   341.637   341.636
        347.279   347.279   347.278   347.278   347.278
        352.738   352.738   352.737   352.737   352.737
        358.022   358.021   358.021   358.020   358.020
        363.137   363.136   363.136   363.136   363.136
        368.091   368.091   368.091   368.090   368.090
        372.892   372.891   372.891   372.891   372.891
        377.545   377.544   377.544   377.544   377.543
        382.056   382.055   382.055   382.054   382.054
        386.430   386.430   386.430   386.429   386.429
        390.675   390.674   390.674   390.674   390.674
        394.793   394.793   394.793   394.792   394.792
        398.791   398.791   398.790   398.790   398.790
        402.673   402.672   402.672   402.672   402.672
        406.444   406.443   406.443   406.443   406.443
        410.108   410.107   410.107   410.107   410.107
        413.668   413.667   413.667   413.667   413.667
        417.126   417.125   417.125   417.125   417.125
        420.482   420.482   420.482   420.482   420.481
        423.733   423.733   423.732   423.732   423.732
        426.864   426.864   426.863   426.863   426.863
        429.841   429.840   429.840   429.839   429.839
        432.584   432.583   432.581   432.581   432.580
        434.917   434.914   434.911   434.910   434.909
        436.462   436.456   436.451   436.448   436.447
WB81    dd
        237.848   242.554   249.473   257.292   265.372   273.414   281.285   288.932   296.334   303.490
        310.404   317.084   323.539   329.777   335.807   341.639   347.280   352.739   358.022   363.137
        368.092   372.892   377.545   382.056   386.431   390.675   394.794   398.791   402.673   406.444
        410.108   413.668   417.126   420.483   423.733   426.865   429.842   432.585   434.919   436.466
WB82    dd
        237.908   242.583   249.485   257.296   265.372   273.412   281.283   288.929   296.331   303.487
        310.402   317.082   323.536   329.774   335.805   341.636   347.278   352.737   358.020   363.136
        368.090   372.891   377.543   382.054   386.429   390.674   394.792   398.790   402.672   406.443
        410.107   413.667   417.125   420.481   423.732   426.863   429.839   432.580   434.909   436.447
WB83    dd
        237.860   237.879   237.893   237.903   237.908
WB84    dd
        436.462   436.456   436.451   436.448   436.447

*END Wall_3D


*BEGIN Therm_Rad

RM10    Fuel_Side_Reflector ccd     0           500.000
!       card name   position          emmis
!       conduction
RM20    fuel                R       1.00000     1     1
RM21    Side_Reflector      w       1.00000     1     1     5     5
!       dir         num   inc
RM25    j         10        1

!       RV and Side_Reflector
RM10    RV_Side_Reflector   ccd     0           500.000
!       card name   position          emmis
!       conduction
RM20    Side_Reflector      e       1.00000     1     1     1     1
RM21    RV                  w       1.00000     1     1     1     1
!       dir         num   inc
RM25    j         24        1

!       RVACS heat transfer by radiative heat transfer
RM10    RV_SP               gda
!       card name   position   emmis
RM20    RV                  e       0.70000     1     1     1     1
RM20    SP                  w       0.40000     1     1     1     1
!       dir         num   inc
RM25    j         40        1
!       View factor matrix
RM30    0.000000  1.000000
RM30    0.947400  0.052600

!RM30   1  0
RM10    SP_AV               gda
!       card name   position   emmis
RM20    SP                  e       0.40000     1     1     1     1
RM20    AV                  w       0.40000     1     1     1     1
!       dir         num   inc
RM25    j         40        1
!       View factor matrix
RM30    0.000000  1.000000
!RM30   1        0
RM30    0.950800  0.049200

*END Therm_Rad


*BEGIN Bound_Vol

BB10    BC_in               in        Na      1
BB20    0.10000000  555.000

BB10    BC_ex               ex        Na      1
BB20    0.10471766   553.033

!       this boundary is connected to hot channel
BB10    BC_ex_h             ex        Na      1
BB20    0.10000000  674.446

BB10    BC_in_air           in        air     2
BB20    0.10132500  20.000

BB10    BC_ex_air           ex        air     2
BB20    0.10132500  222.275

BB10    BC_ex_air2           ex        air     2
BB20    0.10132500  222.275

*END Bound_Vol


*BEGIN Ext_Path

!       Junction ID         UPstream: face/blk             DNstream: face/blk
JB10    Ju_0                V  BC_ex                       L  Flow_upward
!       flow boundary & control
JB15    f           1.7000e-01         123
!       Jform       Jun.area            KFloss      KRloss
JB20    s           0.00000e+00         0.0000      0.0000
!       Jflag       Jflow
JB25    f            1.7000e-01

JB10    Ju_1                R  Flow_upward                 L  Flow_upper
JB20    s           0.00000e+00         0.0000      0.0000
JB25    v            2.2603e-01

JB10    Ju_11               R  Flow_upper                  L  Flow_hx
JB20    s           0.00000e+00         0.0000      0.0000
JB25    v            5.1844e-01

JB10    Ju_2                R  Flow_hx                     L  Flow_downward
JB20    s           0.00000e+00         0.0000      0.0000
JB25    v            1.1210e+00

JB10    Ju_3                R  Flow_downward               V  BC_ex
JB20    s           0.00000e+00         0.0000      0.0000
JB25    v            2.1970e-01

!       hot channel connection
!       Junction ID         UPstream: face/blk             DNstream: face/blk
JB10    Ju_h0               V  BC_ex                       L  Flow_upward_h
!       flow boundary & control
JB15    f           1.7000e-01         123
!       Jform       Jun.area            KFloss      KRloss
JB20    s           0.00000e+00         0.0000      0.0000
!       Jflag       Jflow
JB25    f            1.7000e-01

!       Hot channel is directly discharged to boundary
JB10    Ju_h1               R  Flow_upward_h               V  BC_ex_h
JB20    s           0.00000e+00         0.0000      0.0000
JB25    v            2.2781e-01

!       RVACS
!       Junction ID         UPstream: face/blk             DNstream: face/blk
JB10    Ju_1RVACS           V  BC_in_air                   L  Ar_in
!       flow boundary & control
!JB15   f           0.34
!       Jform       Jun.area            KFloss      KRloss
JB20    s           0.00000e+00         0.4200      0.0000
!       Jflag       Jflow
JB25    v            5.6782e+00

JB10    Ju_2RVACS           R  Ar_in                       L  Plenum
JB20    s           0.00000e+00         0.3000      0.0000
JB25    v            5.6755e+00

JB10    Ju_3RVACS           R  Plenum                      L  Ar_up1
JB20    s           0.00000e+00         0.5820      0.0000
JB25    v            3.0621e+00

JB10    Ju_4RVACS           R  Plenum                      L  Ar_up2
JB20    s           0.00000e+00         0.6160      0.0000
JB25    v            2.6139e+00

JB10    Ju_5RVACS           R  Ar_up1                      V  BC_ex_air
JB20    s           0.00000e+00         1.0000      0.0000
JB25    v            2.5696e+00

JB10    Ju_6RVACS           R  Ar_up2                      V  BC_ex_air2
JB20    s           0.00000e+00         1.0000      0.0000
JB25    v            1.9350e+00

*END Ext_Path


*BEGIN Gen_Table

!       air flow control
!       --------------------------
!       GT_ID               GT_No
GT00    air_flow            100
!       Var.indep           Var.depen
GT10    time                flow
GT20    0.0000e+00          0.0000e+00
GT20    1.0000e+01          1.4220e-01
GT20    1.0000e+08          1.4220e-01

GT00    heat                200
!       Var.indep           Var.depen
GT10    time                power
GT20    0.0000e+00          0.0000e+00
GT20    1.0000e+01          2.0400e+04
GT20    1.0000e+08          2.0400e+04

!       UN fuel
!       --------------------------------------
!       GT_ID               GT_No
GT00    UN                  10
GT10    temp                wcp                 wk
!       Var.indep           Var.depen(1)        Var.depen(2)
GT30    2.9315e+02          5.2997e+06          1.0900e+01
GT30    3.7315e+02          5.5483e+06          1.2200e+01
GT30    4.7315e+02          5.8647e+06          1.3900e+01
GT30    5.7315e+02          6.1811e+06          1.5400e+01
GT30    6.7315e+02          6.4975e+06          1.6900e+01
GT30    7.7315e+02          6.8026e+06          1.8400e+01
GT30    8.7315e+02          7.1190e+06          1.9800e+01
GT30    9.7315e+02          7.4354e+06          2.1200e+01
GT30    1.0732e+03          7.7518e+06          2.2600e+01
GT30    1.1732e+03          8.0682e+06          2.4100e+01
GT30    1.2732e+03          8.3733e+06          2.5500e+01
GT30    1.3732e+03          8.6897e+06          2.7000e+01

!       ODS cladding
!       --------------------------------------
!       GT_ID               GT_No
GT00    ODS                 14
GT10    temp                wcp                 wk
!       Var.indep           Var.depen(1)        Var.depen(2)
GT30    2.9315e+02          3.9584e+06          1.0900e+01
GT30    3.7315e+02          4.1440e+06          1.2200e+01
GT30    4.7315e+02          4.3804e+06          1.3900e+01
GT30    5.7315e+02          4.6167e+06          1.5400e+01
GT30    6.7315e+02          4.8530e+06          1.6900e+01
GT30    7.7315e+02          5.0809e+06          1.8400e+01
GT30    8.7315e+02          5.3172e+06          1.9800e+01
GT30    9.7315e+02          5.5535e+06          2.1200e+01
GT30    1.0732e+03          5.7898e+06          2.2600e+01
GT30    1.1732e+03          6.0262e+06          2.4100e+01
GT30    1.2732e+03          6.2540e+06          2.5500e+01
GT30    1.3732e+03          6.4904e+06          2.7000e+01

!       PbO Reflector
!       --------------------------------------
!       GT_ID               GT_No
GT00    PbO                 15
GT10    temp                wcp                 wk
!       Var.indep           Var.depen(1) den;cp        Var.depen(2)
GT30    2.9315e+02          1.9560e+06          3.1600e+00
GT30    1.3732e+03          1.9560e+06          3.1600e+00

!       Shield
!       --------------------------------------
!       GT_ID               GT_No
GT00    Shield              16
GT10    temp                wcp                 wk
!       Var.indep           Var.depen(1) den;cp        Var.depen(2)
GT30    2.9315e+02          1.9560e+06          3.1600e+00
GT30    1.3732e+03          1.9560e+06          3.1600e+00

!       SS310
!       --------------------------------------
!       GT_ID               GT_No
GT00    ss310               310
GT10    temp                wcp                 wk
!       Var.indep           Var.depen(1)        Var.depen(2)
GT30    2.7315e+02          4.2612e+06          1.2100e+01
GT30    2.9815e+02          4.2612e+06          1.2700e+01
GT30    3.2315e+02          4.2612e+06          1.3200e+01
GT30    3.7315e+02          4.2612e+06          1.4100e+01
GT30    4.2315e+02          4.2612e+06          1.5000e+01
GT30    4.7315e+02          4.2612e+06          1.5800e+01
GT30    5.2315e+02          4.2612e+06          1.6600e+01
GT30    5.7315e+02          4.2612e+06          1.7300e+01
GT30    6.2315e+02          4.2612e+06          1.8000e+01
GT30    6.7315e+02          4.2612e+06          1.8800e+01
GT30    7.2315e+02          4.2612e+06          1.9400e+01
GT30    7.7315e+02          4.2612e+06          2.0100e+01
GT30    8.2315e+02          4.2612e+06          2.0900e+01
GT30    8.7315e+02          4.2612e+06          2.2200e+01
GT30    9.2315e+02          4.2612e+06          2.3000e+01
GT30    9.7315e+02          4.2612e+06          2.3700e+01
GT30    1.0231e+03          4.2612e+06          2.4000e+01
GT30    1.0732e+03          4.2612e+06          2.4500e+01
GT30    1.1232e+03          4.2612e+06          2.5200e+01
GT30    1.1732e+03          4.2612e+06          2.6000e+01
GT30    1.2232e+03          4.2612e+06          2.6900e+01
GT30    1.2732e+03          4.2612e+06          2.7700e+01

!       SA533BMoalloy
!       --------------------------------------
!       GT_ID               GT_No
GT00    sa533               533
GT10    temp                wcp                 wk
!       Var.indep           Var.depen(1)        Var.depen(2)
GT30    2.7315e+02          3.6660e+06          5.2000e+01
GT30    2.9815e+02          3.6660e+06          5.2000e+01
GT30    1.2732e+03          3.6660e+06          5.2000e+01

GT00    Juctr               123
GT10    time                flow                 wk
!       Var.indep           Var.depen(1)        Var.depen(2)
GT30    0                   0.17
GT30    10                 0.17
GT30    20                 0.11





*END Gen_Table


*BEGIN Plot_Data

!       PB_ID       File name
PB10    Plot1       2_plot
!       Variable    blk ID              Cell index       scale factor
PB20    mflow       Ju_1                0     0     0
!PB20   mflow       Ju_2           0     0     0
!PB20   $Qgain       hp_av          0   1  0
PB20    Temp        Flow_upward         1     1     0
PB20    Temp        Flow_upward         12    1     0
PB20    Temp        Flow_upper          1     1     0
PB20    Temp        Flow_upper          12    1     0
PB20    Temp        Flow_hx             1     1     0
PB20    WmaxT       fuel_h              0     0     0
PB20    WaxiP       Side_Reflector      0     0     0

*END Plot_Data


*EOF
